a = 0.262663
b = 0.114357
c = 711.917
