a = 0.0103005
b = 0.304644
c = 632.09
